-83
-103
-117
-126
-129
-128
-122
-114
-103
-92
-81
-70
-62
-56
-52
-51
-53
-56
-61
-67
-74
-79
-84
-87
-89
-89
-86
-82
-77
-70
-63
-55
-47
-41
-35
-30
-26
-23
-21
-20
-20
-19
-18
-17
-16
-14
-11
-7
-3
1
6
10
15
18
22
24
25
26
26
25
24
22
19
17
15
13
11
9
7
6
4
3
2
0
-1
-3
-4
-6
-8
-9
-11
-11
-12
-12
-12
-11
-11
-10
-10
-11
-12
-13
-16
-19
-23
-28
-33
-39
-45
-51
-56
-61
-65
-68
-71
-72
-72
-71
-70
-68
-67
-65
-64
-63
-63
-63
-64
-66
-68
-71
-73
-76
-78
-79
-80
-80
-79
-78
-76
-73
-71
-68
-65
-63
-62
-61
-61
-61
-62
-64
-66
-67
-69
-70
-71
-71
-70
-69
-67
-64
-62
-58
-55
-53
-50
-49
-48
-48
-49
-50
-53
-55
-58
-60
-62
-64
-65
-65
-64
-62
-60
-56
-53
-49
-45
-42
-40
-38
-38
-39
-40
-43
-47
-51
-56
-60
-64
-67
-69
-70
-69
-66
-61
-54
-46
-37
-27
-17
-6
3
11
19
24
28
29
27
24
18
11
2
-7
-17
-27
-36
-45
-53
-59
-63
-66
-67
-67
-67
-65
-64
-63
-62
-62
-63
-66
-69
-74
-78
-83
-86
-89
-89
-87
-81
-72
-59
-42
-20
3
31
61
92
124
154
183
209
230
248
260
266
267
262
253
239
221
202
180
159
138
118
100
85
73
64
58
55
54
56
58
61
64
66
67
67
66
63
59
53
46
39
31
24
17
11
6
2
0
-1
-2
-1
0
0
1
2
3
3
3
1
0
-1
-4
-7
-9
-12
-14
-16
-18
-18
-19
-19
-19
-18
-18
-17
-17
-18
-19
-20
-22
-24
-26
-29
-33
-36
-39
-41
-43
-45
-46
-47
-46
-45
-44
-42
-39
-36
-33
-31
-28
-26
-24
-23
-22
-21
-22
-22
-24
-25
-27
-28
-30
-32
-33
-35
-35
-36
-36
-35
-34
-32
-31
-29
-27
-25
-23
-21
-20
-18
-17
-17
-16
-16
-17
-17
-17
-17
-17
-17
-17
-17
-16
-15
-13
-12
-10
-8
-6
-5
-4
-2
-2
-1
-1
0
0
0
0
-1
0
0
0
0
1
2
3
5
6
8
9
11
12
13
14
14
14
14
14
15
15
15
15
16
17
18
19
21
22
25
27
29
31
33
36
38
40
42
43
45
47
49
50
52
54
55
57
58
59
61
62
63
64
65
65
66
66
67
67
68
69
70
71
72
74
76
78
80
82
85
87
89
92
93
95
97
98
99
100
102
102
103
104
106
107
108
110
112
113
115
118
120
122
124
125
127
129
130
131
133
134
134
135
136
136
137
137
137
137
138
138
138
138
138
138
137
137
137
136
136
136
136
135
135
135
135
135
135
136
136
136
136
137
137
137
137
137
138
138
137
137
137
136
136
135
134
133
131
129
128
125
123
120
118
115
112
109
106
102
100
97
94
92
90
88
86
84
82
80
79
77
75
73
70
68
65
62
59
56
54
51
48
45
43
41
39
37
36
34
34
33
33
32
32
32
32
32
32
31
31
31
31
31
31
31
32
32
32
31
31
31
31
31
30
30
29
29
28
28
27
26
26
26
26
26
26
26
26
26
27
27
28
28
29
29
29
29
29
29
29
29
29
29
29
29
29
29
29
28
28
28
28
28
28
28
28
28
28
28
29
30
31
32
33
34
36
38
40
41
43
45
47
49
50
51
53
54
55
55
56
57
58
58
59
59
60
61
61
61
62
62
62
62
62
61
61
60
59
59
58
57
56
55
54
53
53
52
52
51
51
51
50
50
50
49
49
48
47
46
46
45
44
43
43
42
41
41
40
39
39
39
38
38
37
36
36
35
34
33
33
32
31
30
30
29
28
28
27
26
26
25
25
24
24
23
22
22
21
20
20
19
19
18
18
17
17
17
17
17
16
16
16
16
15
15
14
14
13
13
12
11
10
10
9
8
8
7
7
7
6
6
6
5
5
5
5
5
5
4
4
4
4
4
4
4
4
5
5
4
4
4
4
4
4
4
4
4
3
3
4
4
4
4
5
5
6
6
6
6
6
6
6
5
4
2
0
0
-2
-5
-7
-9
-11
-13
-14
-16
-17
-18
-18
-19
-19
-18
-18
-18
-17
-17
-16
-16
-16
-15
-15
-15
-15
-16
-16
-16
-16
-16
-16
-17
-17
-16
-16
-16
-16
-16
-15
-15
-15
-15
-14
-14
-14
-14
-14
-14
-14
-14
-14
-15
-15
-15
-15
-15
-15
-15
-14
-14
-13
-13
-12
-10
-9
-8
-7
-5
-4
-3
-2
0
0
0
1
1
1
1
1
1
1
0
0
0
0
0
0
0
1
1
1
1
2
2
2
2
2
2
2
2
2
1
1
2
2
2
3
4
5
7
8
10
13
15
18
21
24
27
31
34
38
41
45
49
53
57
61
64
68
71
74
77
80
83
85
87
88
89
90
90
90
90
89
88
86
85
83
81
78
75
73
70
66
63
59
56
52
49
46
42
39
37
34
32
30
28
26
25
24
23
22
21
19
18
17
15
13
12
10
8
6
4
2
0
-1
-2
-4
-5
-6
-7
-8
-8
-9
-10
-12
-13
-14
-16
-18
-20
-22
-24
-25
-27
-28
-30
-31
-31
-32
-32
-32
-33
-33
-33
-33
-33
-34
-35
-36
-38
-39
-41
-42
-43
-44
-44
-44
-44
-43
-42
-40
-38
-35
-33
-31
-29
-27
-26
-26
-26
-27
-29
-31
-33
-35
-38
-40
-42
-43
-44
-44
-42
-41
-38
-35
-32
-29
-26
-23
-21
-21
-20
-21
-23
-26
-29
-33
-37
-40
-42
-44
-44
-42
-38
-33
-26
-17
-7
3
14
24
34
43
50
55
57
57
53
48
40
30
18
6
-5
-18
-30
-40
-49
-57
-62
-66
-68
-70
-70
-70
-70
-70
-72
-74
-77
-82
-88
-93
-99
-105
-109
-110
-110
-105
-97
-84
-67
-46
-21
7
38
71
105
139
171
200
226
246
262
272
276
275
268
256
241
222
202
180
158
138
119
103
89
79
72
68
67
67
70
73
77
80
82
84
83
81
78
72
65
58
49
41
32
25
18
13
9
7
7
7
9
12
15
19
22
25
27
29
30
29
28
26
24
20
17
14
11
8
5
3
2
2
2
2
3
4
5
7
8
8
9
8
8
7
6
4
3
1
0
-1
-3
-4
-5
-5
-6
-6
-6
-5
-5
-5
-4
-4
-4
-5
-5
-6
-7
-7
-8
-9
-10
-10
-11
-11
-10
-10
-9
-7
-6
-4
-2
0
1
2
4
5
5
6
6
5
4
3
1
0
-3
-5
-8
-10
-12
-14
-16
-17
-18
-19
-19
-19
-19
-18
-16
-15
-13
-11
-9
-6
-4
-2
0
2
4
6
8
9
11
12
13
14
14
15
15
15
16
16
16
16
16
16
17
17
18
19
20
21
23
24
26
28
29
31
33
34
36
37
38
39
40
41
42
42
43
44
45
46
47
48
49
51
52
54
56
58
60
62
64
65
67
69
71
72
73
75
76
77
79
80
81
82
84
85
86
87
88
89
90
91
92
93
95
96
97
98
99
101
102
103
105
107
108
110
112
114
115
117
118
119
120
121
122
122
122
122
121
121
121
120
120
120
120
120
120
121
121
123
124
126
128
129
132
134
135
137
139
140
141
142
142
142
142
141
139
138
136
134
132
130
128
126
124
122
120
118
117
115
114
113
111
110
109
107
105
103
101
98
95
92
89
86
83
79
76
72
69
66
63
60
57
55
53
50
48
46
44
42
40
38
36
34
32
29
27
25
23
22
20
18
16
14
13
11
9
8
6
5
4
2
1
0
0
0
-1
-2
-2
-2
-3
-3
-4
-4
-5
-5
-6
-7
-8
-9
-10
-11
-13
-14
-16
-17
-18
-19
-20
-20
-20
-20
-20
-19
-18
-16
-14
-12
-10
-7
-5
-2
0
2
5
7
9
10
12
13
14
14
15
15
14
14
14
14
13
13
13
13
13
13
14
14
15
16
17
19
20
22
23
24
26
26
27
28
28
28
28
28
27
27
26
26
26
26
26
26
26
27
27
28
29
31
32
33
34
36
36
37
38
38
39
38
38
38
37
37
36
35
34
33
32
32
31
30
29
28
28
27
27
26
26
25
25
24
24
24
24
24
24
24
24
25
25
26
26
27
27
27
27
28
28
27
27
26
26
25
24
23
21
20
18
17
16
14
13
12
11
11
10
10
9
9
10
10
10
10
10
11
11
11
10
10
10
9
8
8
7
6
5
3
3
2
1
0
0
0
0
0
-1
-1
-1
0
0
0
0
0
0
0
0
0
0
0
0
0
0
0
0
0
0
0
-1
-1
-1
-1
-1
-1
-1
-1
-1
-1
-1
0
0
0
0
0
0
0
0
0
-1
-1
-3
-4
-6
-8
-10
-13
-15
-18
-21
-23
-25
-27
-29
-30
-31
-32
-32
-33
-33
-32
-32
-31
-30
-30
-29
-28
-28
-28
-28
-27
-27
-28
-28
-28
-28
-29
-29
-29
-30
-30
-30
-30
-30
-30
-29
-29
-29
-29
-29
-28
-28
-28
-28
-28
-28
-28
-27
-27
-28
-28
-28
-28
-28
-28
-28
-28
-28
-28
-27
-27
-27
-27
-27
-27
-27
-27
-27
-27
-27
-26
-26
-27
-27
-27
-27
-27
-27
-27
-27
-26
-26
-26
-26
-26
-25
-25
-25
-25
-25
-24
-24
-24
-24
-24
-24
-24
-25
-25
-24
-24
-24
-24
-24
-24
-24
-23
-23
-23
-24
-24
-24
-25
-25
-26
-27
-28
-29
-30
-30
-31
-32
-32
-32
-32
-32
-32
-31
-30
-30
-29
-27
-26
-26
-25
-24
-23
-23
-23
-23
-22
-23
-23
-23
-23
-23
-23
-23
-22
-22
-21
-19
-18
-16
-14
-12
-10
-7
-4
-2
1
4
7
10
13
16
19
22
24
26
29
30
32
34
35
36
37
38
39
40
42
43
45
47
49
51
53
56
58
61
63
65
66
67
68
68
68
66
65
62
60
57
53
49
45
41
37
33
30
26
23
21
18
16
14
13
11
10
9
8
6
5
4
2
0
0
-2
-4
-6
-7
-9
-11
-13
-15
-17
-18
-20
-22
-24
-26
-27
-29
-31
-33
-35
-37
-39
-41
-42
-43
-44
-45
-46
-46
-46
-45
-45
-44
-44
-43
-43
-43
-43
-43
-44
-45
-46
-47
-48
-49
-49
-50
-50
-49
-49
-47
-46
-44
-42
-40
-37
-35
-34
-33
-32
-32
-33
-34
-36
-38
-41
-44
-47
-49
-52
-53
-54
-54
-53
-51
-49
-47
-44
-41
-38
-36
-34
-33
-33
-34
-35
-37
-40
-43
-45
-48
-49
-49
-48
-45
-41
-35
-28
-20
-11
-2
7
15
22
27
31
32
30
26
19
11
0
-10
-22
-34
-44
-54
-61
-66
-68
-68
-64
-58
-50
-40
-30
-18
-6
3
13
22
29
34
38
41
42
44
46
50
55
62
72
85
101
121
142
166
191
216
241
265
286
304
317
327
330
329
323
311
295
276
254
230
205
181
157
136
117
102
90
81
76
74
75
77
81
86
90
94
97
98
97
94
88
81
73
63
53
42
32
22
14
6
1
-2
-5
-6
-5
-4
-2
0
3
6
8
10
10
11
10
9
7
5
3
1
0
-2
-3
-3
-3
-2
-1
0
1
2
4
5
7
7
8
8
7
6
5
4
3
2
1
0
0
0
0
0
1
2
3
3
4
4
4
4
3
2
0
0
-2
-4
-7
-8
-10
-11
-12
-13
-13
-12
-12
-11
-9
-8
-7
-5
-4
-3
-3
-2
-2
-3
-3
-4
-4
-5
-6
-6
-7
-7
-7
-7
-6
-5
-5
-4
-3
-2
-1
0
0
0
1
1
2
2
2
3
3
3
4
5
5
6
7
8
9
10
11
13
14
15
15
16
17
17
17
18
18
18
18
19
19
19
20
20
21
22
23
24
25
27
28
29
31
32
33
34
35
36
37
38
38
39
39
39
40
40
41
42
42
44
45
46
48
50
52
54
56
58
60
63
65
66
68
70
71
72
73
74
75
76
76
77
77
78
78
79
79
80
81
81
82
83
84
85
85
86
87
87
88
89
89
89
90
90
91
91
92
92
93
94
94
95
95
96
96
97
97
97
97
98
98
98
97
97
97
97
97
97
97
97
96
96
96
96
96
96
96
96
96
97
97
97
97
98
98
98
98
99
99
99
98
98
97
96
94
93
91
89
86
84
81
78
75
71
68
65
62
59
56
54
51
48
46
43
41
39
36
34
32
30
27
25
22
20
18
16
13
11
9
8
6
4
3
1
0
0
-2
-3
-4
-5
-7
-8
-9
-11
-12
-14
-15
-17
-18
-19
-21
-22
-23
-24
-25
-26
-27
-27
-28
-28
-29
-30
-30
-31
-31
-32
-32
-33
-34
-34
-35
-36
-36
-36
-37
-37
-36
-36
-35
-34
-33
-32
-31
-29
-28
-26
-25
-23
-22
-21
-19
-18
-17
-16
-15
-15
-14
-13
-12
-11
-11
-10
-9
-8
-7
-5
-4
-3
-2
-2
-1
0
0
0
0
0
0
0
0
0
-1
-1
-1
0
0
0
1
2
3
5
6
7
9
10
11
12
13
14
14
15
15
15
15
14
14
14
14
14
14
14
15
15
16
16
17
18
18
19
19
19
20
20
20
20
19
19
19
18
18
17
17
17
16
16
16
15
15
14
14
13
13
12
12
11
10
10
9
8
7
6
6
5
4
3
2
2
1
0
0
0
-1
-2
-3
-3
-4
-5
-5
-6
-6
-6
-7
-7
-7
-8
-8
-8
-8
-8
-8
-8
-9
-9
-9
-9
-9
-9
-9
-9
-9
-10
-10
-10
-10
-10
-10
-10
-10
-10
-10
-10
-11
-11
-12
-12
-13
-14
-15
-16
-17
-18
-20
-21
-22
-23
-25
-26
-27
-27
-28
-28
-29
-29
-29
-29
-29
-29
-29
-29
-29
-29
-30
-30
-30
-30
-30
-30
-31
-31
-31
-30
-30
-30
-30
-29
-29
-29
-29
-28
-28
-28
-29
-29
-30
-31
-32
-34
-35
-37
-39
-40
-42
-44
-45
-46
-47
-48
-49
-49
-49
-49
-48
-48
-47
-46
-46
-45
-44
-44
-44
-43
-43
-44
-44
-44
-45
-45
-45
-46
-46
-47
-47
-47
-47
-47
-47
-47
-46
-46
-46
-45
-45
-45
-45
-45
-45
-45
-45
-46
-46
-47
-47
-48
-49
-50
-51
-52
-53
-54
-55
-55
-56
-57
-58
-59
-59
-60
-60
-60
-60
-60
-60
-60
-60
-60
-60
-59
-59
-59
-59
-58
-58
-58
-58
-58
-58
-58
-58
-58
-59
-59
-58
-58
-58
-58
-57
-57
-56
-56
-55
-54
-54
-53
-53
-53
-52
-53
-53
-53
-54
-56
-57
-59
-61
-63
-65
-67
-69
-71
-73
-75
-76
-77
-77
-77
-76
-75
-74
-72
-69
-67
-63
-60
-56
-52
-48
-44
-40
-36
-32
-28
-25
-21
-17
-14
-11
-7
-4
-1
1
4
6
9
12
14
17
19
22
24
27
29
32
35
38
40
43
46
48
51
53
55
56
57
57
56
55
53
51
48
44
40
35
30
25
19
14
10
6
2
0
-2
-4
-5
-6
-6
-5
-5
-4
-3
-3
-2
-3
-4
-5
-7
-10
-13
-17
-21
-25
-29
-34
-38
-41
-44
-47
-49
-50
-51
-52
-52
-53
-53
-53
-53
-54
-55
-57
-59
-61
-63
-66
-69
-73
-76
-78
-81
-83
-85
-86
-87
-87
-86
-86
-85
-84
-82
-81
-81
-80
-79
-79
-80
-80
-81
-82
-83
-84
-85
-86
-87
-88
-89
-90
-91
-91
-92
-93
-94
-95
-96
-98
-100
-101
-103
-104
-105
-105
-105
-105
-104
-102
-99
-97
-94
-91
-87
-85
-82
-81
-79
-79
-80
-81
-83
-86
-88
-91
-93
-94
-94
-93
-91
-87
-81
-74
-65
-56
-46
-36
-26
-16
-8
-2
1
4
4
1
-2
-8
-16
-24
-33
-41
-49
-55
-60
-63
-64
-63
-61
-56
-50
-43
-36
-28
-22
-16
-11
-8
-7
-6
-7
-8
-10
-11
-11
-10
-6
0
8
21
36
54
75
97
121
145
168
190
210
226
238
246
250
249
243
233
219
203
184
163
142
121
102
84
68
55
45
38
34
31
31
32
34
37
39
40
41
40
38
34
28
22
15
6
-1
-9
-17
-24
-31
-36
-40
-42
-44
-45
-45
-44
-43
-42
-41
-41
-41
-42
-43
-45
-47
-49
-52
-54
-56
-59
-60
-61
-62
-62
-61
-60
-59
-57
-55
-54
-53
-51
-51
-51
-51
-51
-52
-53
-54
-56
-57
-58
-59
-60
-61
-61
-61
-60
-60
-59
-58
-57
-57
-56
-56
-56
-56
-57
-57
-58
-59
-60
-61
-62
-62
-63
-63
-63
-62
-62
-62
-61
-61
-60
-60
-60
-60
-60
-60
-61
-62
-63
-64
-65
-66
-67
-68
-68
-68
-69
-68
-68
-67
-67
-66
-65
-64
-63
-62
-61
-60
-59
-58
-58
-58
-58
-58
-57
-58
-57
-57
-57
-57
-57
-56
-56
-55
-54
-54
-52
-51
-50
-49
-48
-47
-46
-44
-43
-42
-42
-41
-40
-39
-39
-38
-38
-37
-36
-35
-35
-34
-33
-32
-30
-29
-28
-26
-25
-23
-22
-21
-19
-18
-17
-15
-14
-13
-12
-10
-9
-8
-7
-5
-3
-1
0
2
4
7
9
12
15
17
20
23
26
28
30
33
34
36
38
39
40
40
41
41
41
42
42
42
41
42
42
42
42
43
44
45
46
47
48
50
52
53
55
57
59
61
62
64
65
66
67
68
68
69
69
70
70
70
70
71
71
72
72
73
74
75
75
76
77
78
78
79
79
79
79
78
78
77
76
75
74
73
72
71
70
69
67
66
65
65
64
63
62
61
60
59
57
56
54
52
50
48
46
44
41
39
36
33
31
28
25
23
20
18
15
13
10
8
5
3
0
-1
-4
-6
-8
-10
-13
-15
-17
-19
-20
-22
-23
-25
-26
-28
-29
-30
-31
-32
-34
-35
-36
-38
-39
-40
-42
-43
-45
-46
-47
-49
-50
-50
-51
-52
-52
-52
-52
-52
-51
-51
-51
-50
-50
-49
-49
-49
-49
-49
-50
-50
-50
-51
-51
-51
-52
-52
-52
-52
-52
-52
-51
-51
-50
-49
-49
-48
-47
-47
-46
-46
-45
-45
-44
-44
-43
-42
-42
-41
-40
-39
-39
-38
-37
-35
-34
-33
-32
-32
-31
-30
-30
-29
-29
-28
-28
-28
-28
-28
-28
-28
-28
-27
-27
-26
-26
-26
-25
-25
-24
-24
-24
-24
-25
-25
-26
-28
-29
-30
-32
-34
-35
-37
-39
-40
-42
-43
-44
-45
-46
-46
-46
-46
-46
-46
-45
-45
-44
-43
-43
-43
-42
-42
-42
-41
-41
-41
-42
-42
-42
-42
-42
-42
-42
-42
-43
-43
-43
-43
-43
-43
-43
-43
-43
-43
-44
-44
-44
-44
-45
-45
-45
-45
-45
-45
-46
-46
-46
-46
-46
-46
-46
-47
-47
-47
-48
-49
-49
-50
-51
-52
-54
-55
-56
-57
-59
-60
-61
-63
-64
-65
-66
-66
-67
-67
-68
-68
-68
-68
-69
-69
-69
-68
-68
-69
-69
-69
-69
-69
-69
-69
-70
-70
-70
-70
-71
-71
-71
-71
-71
-71
-72
-72
-72
-71
-71
-72
-72
-72
-72
-72
-72
-73
-73
-73
-74
-75
-75
-76
-76
-77
-78
-78
-79
-79
-80
-80
-81
-81
-82
-82
-82
-82
-82
-83
-83
-82
-82
-82
-82
-81
-80
-80
-79
-78
-76
-75
-73
-72
-70
-69
-67
-66
-65
-64
-64
-64
-65
-66
-68
-70
-72
-75
-78
-82
-85
-89
-92
-96
-99
-102
-104
-107
-108
-110
-110
-111
-111
-110
-110
-109
-108
-107
-106
-106
-105
-104
-104
-103
-103
-103
-103
-103
-103
-103
-104
-103
-103
-103
-102
-102
-101
-100
-99
-99
-98
-97
-96
-95
-95
-95
-94
-94
-94
-94
-95
-95
-95
-96
-96
-96
-97
-97
-97
-98
-98
-98
-98
-98
-99
-99
-99
-100
-100
-100
-101
-101
-101
-102
-102
-102
-102
-101
-101
-101
-100
-100
-99
-99
-99
-99
-99
-100
-100
-101
-103
-104
-106
-108
-110
-111
-113
-115
-116
-117
-117
-117
-117
-116
-115
-113
-111
-109
-107
-105
-102
-100
-98
-95
-93
-91
-90
-88
-86
-84
-83
-81
-79
-76
-74
-71
-68
-64
-60
-56
-53
-48
-44
-41
-37
-34
-30
-28
-25
-24
-22
-21
-20
-19
-19
-18
-18
-18
-17
-16
-16
-15
-14
-13
-12
-11
-10
-10
-9
-10
-10
-11
-13
-15
-17
-21
-24
-28
-32
-36
-41
-45
-49
-53
-57
-61
-64
-66
-69
-71
-72
-74
-75
-76
-78
-79
-80
-82
-84
-85
-88
-90
-92
-94
-97
-99
-102
-104
-106
-108
-111
-112
-114
-116
-118
-119
-121
-123
-124
-125
-127
-128
-129
-130
-131
-131
-131
-131
-131
-130
-130
-129
-128
-127
-126
-126
-125
-125
-126
-126
-128
-129
-131
-133
-135
-137
-138
-140
-141
-141
-142
-141
-141
-139
-138
-136
-135
-133
-132
-130
-130
-130
-130
-131
-132
-133
-135
-137
-138
-140
-140
-140
-140
-139
-137
-135
-132
-129
-126
-123
-121
-120
-119
-120
-121
-123
-126
-129
-133
-137
-140
-142
-143
-143
-141
-137
-132
-125
-116
-105
-95
-83
-72
-62
-53
-46
-41
-39
-40
-43
-48
-56
-65
-76
-87
-99
-110
-120
-128
-135
-139
-141
-141
-139
-136
-132
-127
-122
-118
-116
-114
-114
-116
-120
-125
-130
-136
-141
-145
-147
-147
-143
-136
-124
-109
-89
-66
-40
-13
16
45
73
99
122
141
156
165
169
168
163
152
138
121
101
81
61
41
23
7
-4
-14
-21
-25
-26
-25
-23
-19
-15
-11
-8
-7
-7
-8
-12
-18
-25
-33
-42
-52
-62
-71
-79
-87
-93
-98
-101
-102
-103
-102
-100
-98
-96
-94
-92
-90
-89
-89
-89
-90
-92
-93
-95
-98
-100
-101
-103
-103
-104
-103
-102
-101
-100
-98
-96
-95
-93
-92
-91
-91
-91
-91
-91
-92
-93
-93
-94
-95
-96
-96
-97
-97
-97
-96
-96
-96
-96
-95
-95
-95
-95
-96
-96
-96
-97
-97
-97
-97
-97
-97
-96
-96
-96
-95
-95
-94
-94
-94
-94
-94
-95
-95
-96
-97
-98
-98
-99
-99
-99
-99
-99
-97
-96
-94
-92
-90
-88
-86
-83
-81
-79
-78
-77
-76
-76
-76
-77
-77
-78
-79
-80
-82
-83
-83
-84
-84
-84
-84
-83
-83
-82
-80
-79
-78
-76
-75
-74
-73
-72
-71
-70
-70
-70
-69
-69
-68
-68
-67
-67
-66
-65
-63
-62
-60
-59
-57
-55
-53
-51
-49
-47
-46
-44
-43
-42
-41
-40
-39
-38
-37
-37
-36
-35
-34
-34
-33
-32
-31
-30
-29
-28
-26
-25
-24
-24
-23
-22
-22
-22
-21
-21
-22
-22
-22
-23
-23
-23
-23
-23
-22
-21
-20
-19
-18
-16
-14
-12
-9
-7
-5
-3
0
1
2
4
5
6
6
7
7
8
8
8
8
8
9
9
10
11
11
13
14
15
16
17
18
19
19
20
20
20
19
19
18
17
16
15
14
13
12
11
11
10
10
9
9
8
8
8
7
7
6
5
4
2
1
0
-1
-3
-5
-7
-8
-10
-12
-13
-15
-16
-18
-19
-20
-21
-23
-24
-25
-27
-28
-30
-32
-34
-36
-38
-39
-41
-43
-45
-47
-49
-51
-52
-54
-55
-57
-58
-60
-61
-63
-64
-66
-68
-69
-72
-74
-76
-78
-81
-83
-85
-88
-90
-92
-93
-95
-96
-98
-99
-99
-100
-100
-100
-100
-101
-101
-101
-101
-101
-101
-102
-102
-103
-104
-105
-105
-106
-106
-107
-107
-107
-107
-107
-107
-107
-106
-105
-105
-104
-103
-103
-102
-102
-102
-101
-102
-102
-102
-102
-103
-103
-103
-104
-104
-103
-103
-103
-102
-101
-100
-99
-98
-97
-95
-94
-94
-93
-93
-93
-93
-94
-95
-96
-98
-99
-101
-103
-105
-108
-109
-111
-113
-114
-116
-116
-117
-118
-118
-118
-117
-117
-116
-115
-114
-113
-113
-112
-111
-110
-110
-109
-108
-108
-108
-107
-107
-107
-107
-107
-107
-107
-106
-106
-106
-105
-105
-105
-104
-103
-103
-102
-101
-101
-100
-99
-99
-99
-98
-98
-98
-98
-98
-98
-98
-99
-99
-99
-99
-99
-99
-99
-99
-99
-99
-98
-98
-98
-97
-97
-96
-96
-96
-96
-96
-97
-97
-98
-100
-101
-103
-105
-107
-109
-111
-113
-116
-117
-119
-121
-122
-123
-123
-124
-124
-123
-123
-123
-122
-122
-121
-121
-121
-121
-120
-121
-121
-121
-121
-121
-122
-122
-122
-122
-123
-123
-122
-122
-122
-122
-121
-121
-121
-121
-121
-121
-122
-122
-123
-124
-125
-126
-127
-128
-129
-130
-130
-131
-132
-132
-132
-133
-133
-133
-133
-133
-134
-134
-134
-134
-135
-135
-135
-135
-135
-135
-135
-135
-135
-135
-134
-134
-134
-133
-133
-133
-134
-135
-136
-137
-139
-141
-143
-146
-149
-152
-154
-157
-159
-161
-163
-165
-166
-166
-167
-166
-166
-166
-165
-164
-164
-163
-163
-162
-162
-162
-163
-164
-164
-165
-166
-167
-167
-168
-168
-167
-167
-166
-165
-164
-163
-162
-161
-160
-160
-160
-160
-161
-162
-163
-165
-168
-170
-173
-175
-177
-179
-181
-181
-181
-181
-179
-177
-174
-171
-167
-162
-158
-153
-149
-145
-141
-139
-136
-135
-134
-135
-136
-137
-139
-142
-144
-147
-150
-153
-156
-158
-160
-161
-162
-163
-163
-163
-163
-162
-162
-161
-160
-160
-160
-159
-159
-160
-160
-160
-161
-161
-161
-162
-162
-162
-162
-162
-162
-162
-162
-161
-161
-161
-161
-162
-162
-162
-163
-164
-165
-165
-166
-167
-167
-168
-168
-168
-168
-167
-167
-166
-165
-163
-162
-161
-159
-158
-157
-156
-155
-154
-153
-152
-152
-152
-151
-151
-151
-151
-151
-150
-149
-148
-147
-146
-144
-142
-140
-138
-136
-133
-130
-127
-124
-121
-119
-116
-113
-111
-108
-106
-105
-103
-102
-100
-99
-98
-98
-97
-97
-96
-96
-95
-95
-95
-95
-95
-95
-94
-95
-95
-95
-95
-95
-96
-96
-97
-98
-99
-100
-101
-102
-103
-105
-107
-108
-111
-113
-116
-118
-122
-125
-129
-132
-136
-140
-144
-148
-152
-156
-159
-162
-164
-166
-168
-169
-170
-170
-170
-169
-169
-168
-167
-166
-165
-165
-165
-165
-166
-167
-168
-170
-172
-174
-176
-179
-182
-184
-187
-190
-192
-194
-196
-197
-199
-200
-201
-202
-203
-204
-204
-204
-205
-205
-205
-205
-205
-205
-204
-204
-203
-202
-201
-200
-200
-199
-199
-198
-198
-199
-199
-200
-201
-202
-203
-204
-205
-206
-207
-208
-208
-208
-208
-208
-207
-206
-206
-205
-205
-205
-204
-204
-205
-205
-205
-205
-205
-205
-205
-204
-202
-200
-197
-193
-189
-185
-181
-178
-174
-172
-170
-169
-169
-171
-174
-178
-183
-189
-195
-202
-207
-212
-215
-217
-217
-215
-210
-204
-196
-186
-174
-162
-150
-138
-127
-118
-111
-106
-103
-104
-106
-111
-119
-128
-138
-149
-159
-169
-179
-187
-193
-197
-200
-201
-200
-199
-197
-195
-193
-192
-191
-193
-195
-199
-203
-209
-214
-219
-222
-224
-222
-218
-210
-198
-181
-161
-137
-110
-80
-49
-16
14
44
72
96
116
131
140
145
143
137
126
112
94
74
54
33
12
-6
-22
-37
-48
-57
-63
-66
-67
-67
-65
-63
-61
-60
-60
-60
-62
-66
-71
-77
-84
-91
-99
-106
-112
-118
-123
-126
-128
-128
-127
-125
-123
-119
-116
-112
-109
-107
-105
-105
-105
-107
-110
-113
-117
-122
-126
-131
-136
-140
-143
-146
-148
-150
-151
-151
-150
-150
-149
-147
-146
-145
-145
-144
-143
-143
-143
-143
-144
-144
-144
-144
-144
-143
-142
-141
-140
-139
-137
-136
-134
-133
-132
-130
-130
-129
-128
-128
-128
-128
-128
-128
-129
-129
-128
-128
-128
-127
-127
-126
-125
-124
-124
-123
-122
-121
-121
-121
-120
-120
-121
-121
-122
-122
-123
-123
-124
-124
-125
-125
-125
-126
-126
-125
-125
-125
-124
-124
-123
-123
-122
-122
-122
-121
-121
-121
-121
-122
-122
-122
-123
-123
-123
-124
-124
-124
-124
-124
-123
-122
-121
-120
-119
-117
-115
-113
-112
-110
-108
-107
-105
-104
-103
-103
-102
-102
-102
-102
-102
-102
-101
-101
-101
-100
-99
-97
-95
-93
-91
-89
-86
-84
-81
-79
-77
-75
-74
-73
-72
-71
-71
-71
-72
-72
-72
-73
-73
-73
-73
-72
-71
-70
-69
-66
-64
-61
-59
-56
-53
-50
-47
-44
-41
-39
-37
-35
-34
-33
-32
-31
-30
-29
-28
-28
-27
-27
-26
-25
-24
-23
-23
-22
-21
-21
-21
-21
-20
-21
-21
-21
-21
-21
-21
-22
-21
-21
-21
-20
-19
-18
-16
-15
-13
-12
-11
-9
-8
-8
-7
-7
-7
-8
-8
-10
-11
-12
-14
-16
-17
-19
-20
-21
-23
-23
-24
-25
-26
-26
-27
-27
-28
-29
-30
-31
-32
-33
-34
-36
-37
-39
-41
-42
-43
-45
-46
-47
-48
-49
-50
-51
-52
-53
-54
-56
-58
-60
-62
-65
-68
-71
-75
-79
-83
-86
-91
-94
-98
-102
-105
-108
-111
-113
-115
-117
-118
-119
-120
-120
-120
-120
-120
-120
-119
-119
-119
-118
-118
-118
-118
-117
-117
-117
-118
-118
-118
-118
-118
-119
-119
-119
-120
-120
-121
-121
-121
-122
-122
-122
-122
-122
-123
-123
-122
-122
-122
-122
-122
-121
-121
-120
-120
-119
-118
-118
-117
-117
-116
-116
-115
-115
-114
-114
-114
-113
-113
-112
-111
-111
-110
-110
-109
-108
-108
-107
-106
-105
-105
-104
-104
-103
-103
-103
-103
-102
-102
-102
-102
-102
-102
-102
-102
-102
-102
-101
-101
-101
-101
-100
-100
-100
-100
-100
-99
-99
-99
-99
-99
-99
-99
-99
-99
-99
-100
-100
-100
-100
-99
-99
-99
-99
-99
-99
-99
-98
-98
-98
-98
-97
-97
-97
-97
-97
-96
-96
-96
-96
-96
-96
-95
-95
-95
-95
-95
-94
-94
-94
-94
-94
-94
-95
-95
-96
-97
-97
-99
-100
-101
-102
-103
-105
-106
-107
-108
-108
-108
-108
-108
-108
-107
-107
-106
-105
-104
-104
-104
-104
-104
-104
-105
-107
-108
-110
-113
-115
-117
-120
-122
-124
-125
-127
-127
-128
-128
-127
-126
-125
-123
-121
-119
-118
-116
-115
-115
-114
-115
-115
-117
-119
-121
-124
-128
-131
-135
-138
-141
-145
-147
-150
-152
-154
-155
-155
-155
-155
-155
-154
-153
-153
-152
-151
-150
-150
-149
-149
-149
-150
-150
-150
-151
-151
-152
-152
-152
-153
-153
-153
-153
-153
-152
-152
-152
-152
-152
-151
-151
-151
-151
-151
-151
-151
-151
-151
-152
-151
-151
-151
-151
-151
-150
-150
-149
-149
-148
-148
-148
-147
-147
-147
-146
-146
-146
-146
-146
-145
-145
-145
-144
-144
-144
-143
-143
-143
-142
-142
-142
-142
-142
-142
-141
-141
-141
-141
-141
-140
-140
-139
-138
-138
-137
-136
-136
-135
-135
-134
-134
-134
-135
-136
-137
-138
-140
-142
-144
-146
-148
-150
-152
-154
-155
-157
-158
-159
-160
-160
-160
-160
-160
-160
-160
-160
-160
-160
-160
-159
-159
-159
-160
-160
-160
-160
-160
-160
-160
-159
-159
-159
-159
-159
-159
-159
-159
-159
-160
-160
-160
-161
-161
-161
-162
-162
-162
-162
-161
-161
-161
-160
-160
-159
-159
-159
-159
-159
-160
-160
-162
-163
-165
-167
-169
-171
-173
-176
-178
-179
-181
-182
-182
-182
-181
-180
-179
-177
-174
-172
-169
-165
-162
-159
-155
-151
-148
-145
-142
-138
-135
-133
-130
-127
-125
-122
-120
-118
-116
-113
-112
-110
-108
-107
-106
-104
-104
-103
-103
-102
-102
-102
-102
-102
-102
-102
-101
-101
-100
-100
-99
-98
-98
-97
-96
-95
-94
-93
-92
-92
-92
-91
-91
-91
-91
-91
-90
-90
-90
-89
-88
-87
-86
-84
-83
-82
-81
-80
-80
-79
-80
-81
-83
-86
-89
-93
-98
-104
-110
-116
-122
-129
-135
-141
-146
-151
-156
-160
-163
-165
-166
-167
-167
-167
-166
-165
-163
-162
-161
-159
-158
-156
-155
-154
-153
-153
-152
-151
-151
-150
-149
-149
-149
-149
-149
-149
-150
-151
-152
-155
-157
-160
-163
-166
-170
-173
-177
-180
-182
-185
-187
-188
-188
-188
-188
-187
-186
-184
-182
-181
-179
-178
-177
-177
-177
-177
-178
-179
-180
-180
-181
-182
-182
-182
-181
-180
-178
-176
-175
-172
-171
-169
-168
-167
-166
-167
-167
-169
-171
-172
-174
-176
-178
-179
-179
-179
-178
-176
-174
-170
-167
-163
-159
-156
-153
-151
-149
-148
-149
-149
-151
-153
-155
-156
-158
-158
-157
-155
-152
-146
-140
-133
-124
-115
-107
-98
-91
-85
-80
-78
-79
-81
-86
-93
-101
-110
-121
-131
-141
-149
-156
-160
-163
-162
-160
-155
-148
-139
-130
-120
-110
-101
-93
-86
-81
-78
-77
-76
-77
-77
-77
-76
-73
-67
-59
-47
-32
-14
6
30
56
82
108
133
156
176
192
203
209
210
205
195
181
162
140
116
90
64
39
16
-4
-22
-36
-48
-56
-60
-62
-62
-60
-56
-53
-49
-47
-45
-45
-47
-50
-55
-60
-67
-75
-83
-91
-98
-105
-111
-115
-118
-120
-121
-122
-121
-120
-118
-117
-116
-115
-114
-115
-115
-116
-118
-120
-122
-125
-127
-129
-131
-133
-134
-135
-135
-136
-136
-136
-136
-137
-137
-138
-138
-139
-139
-140
-140
-140
-139
-139
-137
-136
-133
-131
-128
-125
-121
-118
-115
-113
-111
-110
-109
-109
-109
-110
-112
-114
-117
-119
-121
-124
-125
-127
-128
-128
-128
-127
-127
-125
-124
-122
-121
-120
-119
-119
-119
-119
-120
-121
-123
-124
-126
-128
-130
-132
-133
-135
-135
-136
-136
-136
-135
-134
-133
-132
-131
-131
-130
-129
-129
-128
-128
-128
-129
-129
-129
-129
-129
-129
-129
-128
-128
-127
-126
-126
-125
-124
-123
-122
-121
-120
-120
-120
-119
-119
-119
-119
-118
-118
-118
-118
-117
-116
-116
-115
-114
-113
-111
-110
-109
-108
-106
-105
-104
-103
-102
-101
-100
-99
-98
-97
-97
-96
-95
-94
-94
-93
-92
-91
-90
-89
-89
-88
-87
-86
-86
-85
-84
-84
-83
-83
-82
-81
-80
-79
-78
-77
-76
-74
-72
-71
-68
-66
-64
-61
-58
-55
-53
-50
-47
-44
-42
-40
-38
-36
-35
-34
-34
-33
-33
-34
-34
-35
-35
-36
-37
-38
-38
-38
-39
-39
-38
-37
-37
-35
-34
-32
-31
-29
-27
-25
-24
-22
-21
-20
-19
-18
-17
-17
-17
-16
-17
-17
-17
-18
-18
-19
-20
-20
-21
-21
-22
-22
-23
-23
-23
-24
-24
-24
-24
-25
-25
-25
-25
-26
-27
-27
-28
-30
-31
-33
-34
-36
-38
-41
-43
-46
-49
-52
-55
-57
-60
-63
-66
-69
-72
-74
-77
-79
-81
-84
-86
-87
-89
-91
-93
-94
-96
-97
-99
-101
-102
-104
-105
-107
-108
-110
-111
-113
-114
-116
-117
-118
-119
-120
-121
-122
-123
-123
-123
-124
-124
-123
-123
-123
-122
-122
-121
-121
-120
-120
-119
-118
-118
-118
-117
-117
-117
-117
-117
-118
-118
-118
-118
-119
-119
-119
-119
-119
-120
-120
-119
-119
-119
-119
-118
-118
-117
-117
-116
-116
-115
-114
-114
-113
-112
-112
-111
-111
-110
-110
-109
-109
-108
-108
-108
-108
-107
-107
-107
-108
-108
-108
-108
-109
-109
-109
-110
-110
-110
-111
-111
-111
-111
-111
-110
-110
-110
-109
-109
-109
-108
-107
-107
-106
-106
-106
-105
-105
-105
-105
-104
-104
-104
-104
-103
-103
-103
-102
-102
-102
-101
-101
-100
-100
-99
-99
-98
-98
-98
-97
-97
-97
-97
-97
-97
-97
-96
-96
-96
-96
-95
-95
-94
-94
-93
-92
-92
-91
-91
-91
-90
-90
-90
-89
-89
-89
-89
-89
-89
-90
-90
-90
-90
-90
-91
-91
-92
-93
-93
-95
-96
-97
-99
-101
-102
-105
-107
-109
-111
-113
-116
-118
-119
-121
-122
-123
-124
-125
-125
-125
-124
-123
-123
-122
-121
-120
-119
-118
-117
-117
-116
-116
-116
-116
-116
-116
-117
-117
-117
-118
-118
-118
-118
-117
-117
-116
-116
-115
-114
-114
-113
-112
-112
-111
-111
-111
-112
-112
-113
-113
-114
-116
-117
-118
-119
-120
-121
-122
-122
-123
-123
-122
-122
-122
-121
-120
-119
-118
-117
-115
-114
-113
-112
-111
-110
-109
-109
-108
-108
-107
-107
-107
-107
-107
-107
-107
-107
-107
-107
-106
-106
-106
-106
-105
-105
-104
-104
-103
-103
-103
-102
-102
-102
-102
-102
-102
-102
-102
-103
-103
-104
-105
-106
-107
-108
-109
-110
-111
-112
-113
-113
-114
-115
-115
-115
-116
-116
-116
-116
-116
-115
-115
-114
-114
-113
-113
-112
-112
-112
-112
-111
-111
-112
-112
-112
-113
-113
-114
-114
-115
-115
-115
-115
-116
-116
-116
-115
-115
-115
-115
-114
-114
-114
-113
-113
-113
-114
-114
-114
-115
-115
-115
-116
-116
-116
-116
-116
-116
-116
-116
-115
-114
-114
-113
-113
-112
-112
-112
-112
-113
-113
-114
-115
-116
-117
-118
-119
-121
-122
-123
-123
-124
-124
-124
-124
-124
-124
-123
-123
-123
-122
-122
-122
-122
-121
-121
-121
-122
-122
-122
-121
-121
-121
-120
-119
-118
-118
-117
-115
-115
-114
-113
-112
-112
-111
-111
-112
-112
-112
-113
-113
-113
-113
-113
-112
-111
-110
-108
-107
-105
-102
-100
-98
-97
-95
-94
-94
-94
-95
-97
-99
-101
-104
-107
-111
-114
-117
-120
-122
-124
-124
-124
-123
-122
-119
-116
-112
-108
-104
-100
-95
-91
-87
-84
-81
-79
-77
-75
-74
-73
-73
-72
-72
-71
-70
-69
-67
-65
-63
-61
-58
-54
-51
-47
-44
-40
-36
-33
-29
-25
-22
-19
-15
-12
-8
-5
-2
1
4
7
9
11
13
14
14
14
13
11
9
6
2
-2
-7
-12
-17
-22
-27
-31
-35
-39
-41
-43
-45
-46
-47
-47
-47
-47
-47
-48
-48
-49
-51
-53
-56
-59
-62
-65
-69
-73
-76
-79
-82
-85
-87
-89
-90
-91
-92
-93
-93
-94
-95
-96
-97
-98
-100
-102
-104
-107
-109
-111
-112
-114
-114
-115
-115
-114
-113
-112
-110
-108
-106
-104
-103
-102
-101
-101
-101
-102
-102
-103
-105
-106
-107
-108
-108
-108
-108
-107
-105
-103
-101
-99
-97
-95
-94
-93
-92
-93
-93
-95
-97
-99
-101
-103
-105
-107
-107
-108
-107
-105
-103
-101
-98
-94
-91
-88
-86
-85
-84
-84
-86
-88
-92
-95
-99
-103
-106
-108
-110
-109
-107
-103
-97
-89
-80
-69
-59
-48
-37
-27
-19
-12
-8
-6
-7
-10
-15
-22
-31
-41
-50
-60
-69
-76
-82
-86
-88
-89
-87
-84
-79
-75
-70
-65
-61
-58
-57
-57
-58
-60
-62
-65
-67
-68
-67
-63
-57
-47
-33
-15
5
29
56
84
113
142
170
196
218
236
249
257
259
256
248
235
218
199
176
153
130
107
85
66
50
37
27
20
17
15
16
18
21
25
28
30
31
31
30
27
23
18
13
7
1
-4
-9
-14
-17
-19
-20
-21
-21
-20
-19
-18
-18
-18
-18
-20
-22
-25
-29
-33
-37
-42
-46
-50
-53
-55
-56
-56
-55
-53
-50
-47
-43
-39
-36
-32
-29
-27
-26
-25
-25
-26
-27
-30
-32
-34
-37
-39
-40
-42
-42
-42
-42
-41
-39
-37
-35
-33
-31
-29
-28
-27
-27
-27
-27
-28
-29
-30
-31
-33
-34
-35
-36
-37
-37
-37
-36
-35
-35
-34
-32
-31
-30
-30
-29
-28
-28
-27
-27
-27
-27
-27
-27
-27
-26
-25
-24
-23
-22
-21
-19
-17
-16
-15
-13
-12
-11
-10
-10
-9
-9
-9
-9
-9
-8
-8
-7
-6
-5
-4
-2
-1
0
2
5
7
9
11
12
14
15
16
16
16
17
17
17
17
17
17
17
18
19
20
22
24
26
27
29
31
32
32
33
32
32
30
28
26
24
21
18
15
13
10
9
8
8
8
10
12
14
18
21
26
30
34
39
43
47
51
55
58
61
63
66
68
71
73
75
78
81
83
86
89
93
96
99
102
105
107
109
111
112
113
113
113
112
112
111
111
110
110
109
110
110
111
112
113
115
116
118
120
122
124
125
126
127
127
127
127
126
125
124
123
121
120
118
117
116
115
114
113
113
113
112
112
112
112
112
112
111
110
110
109
107
106
104
103
101
99
97
96
94
92
91
90
88
87
86
85
83
82
81
80
78
76
75
73
71
69
67
65
63
62
60
58
56
54
53
51
50
48
47
46
44
43
42
40
39
38
37
35
34
34
33
32
31
31
31
31
31
30
31
30
30
30
30
30
29
29
28
27
26
24
23
22
21
19
18
17
16
15
15
14
14
14
15
15
15
16
16
17
17
17
18
18
17
17
16
15
14
12
11
9
8
6
5
4
3
2
1
1
1
2
2
3
5
6
8
10
12
14
16
18
19
21
23
24
25
26
27
28
29
31
32
33
34
35
36
37
39
40
41
43
44
45
46
46
47
47
47
48
48
48
47
47
47
47
47
47
47
47
47
48
48
48
48
48
49
49
49
49
49
48
48
48
48
47
47
47
46
46
46
45
45
45
45
45
45
44
44
44
44
43
43
43
43
43
42
42
42
42
42
41
41
41
41
41
41
41
40
40
40
40
39
39
39
38
38
37
37
36
36
35
35
34
34
33
33
32
32
31
31
30
30
30
30
30
30
29
29
30
30
30
29
29
29
29
28
28
27
26
25
25
23
22
21
20
19
18
17
16
15
15
14
13
12
12
11
11
11
10
10
10
9
9
9
8
8
8
8
8
8
7
7
7
7
7
7
7
6
6
6
6
5
5
5
5
4
4
4
4
4
5
5
5
5
6
6
7
8
9
10
11
11
13
14
15
16
17
17
18
19
19
20
20
20
20
20
20
19
19
18
18
17
17
16
16
16
16
16
16
16
16
17
17
17
17
18
18
17
17
17
16
16
16
15
15
15
14
14
14
14
14
15
15
15
16
16
16
16
16
15
14
14
13
11
10
9
7
5
4
2
0
0
-1
-2
-3
-4
-5
-5
-5
-6
-6
-5
-5
-5
-5
-4
-4
-4
-4
-4
-4
-3
-3
-4
-4
-4
-4
-4
-4
-4
-4
-3
-3
-3
-2
-2
-2
-1
-1
-1
-1
0
0
0
0
0
-1
-1
-2
-2
-3
-3
-4
-4
-5
-5
-6
-6
-7
-7
-8
-8
-8
-9
-9
-9
-9
-10
-10
-10
-11
-11
-11
-11
-12
-12
-13
-13
-14
-14
-14
-15
-15
-16
-16
-16
-16
-16
-16
-15
-14
-14
-12
-11
-10
-8
-6
-5
-3
-2
-1
0
0
1
1
1
1
1
0
0
0
-1
-2
-2
-3
-3
-3
-3
-2
-2
-1
-1
0
0
0
0
0
-1
-2
-3
-5
-6
-8
-10
-11
-13
-14
-15
-16
-16
-16
-14
-13
-10
-7
-4
0
3
8
13
18
24
29
34
40
44
49
54
58
62
65
69
72
75
78
81
83
86
88
91
93
96
99
101
104
106
109
111
113
115
116
118
118
119
119
118
117
116
114
112
110
107
104
101
99
96
93
91
88
86
84
83
81
80
79
77
76
75
73
72
71
69
67
65
64
62
60
58
57
55
53
52
51
50
49
48
47
46
45
44
42
41
40
38
37
35
34
32
31
30
28
28
27
26
26
26
26
26
26
27
26
26
26
25
24
23
21
19
17
15
13
12
10
9
8
8
8
8
9
10
12
13
14
15
16
16
16
16
15
14
13
11
9
8
7
6
6
6
8
9
11
14
17
20
23
25
27
28
28
28
26
24
22
19
16
13
12
11
11
13
17
22
29
37
47
58
69
80
90
100
108
113
117
118
117
113
106
98
89
78
68
57
46
37
29
23
18
15
13
12
12
13
14
14
14
12
10
7
2
-2
-7
-11
-14
-16
-15
-11
-3
7
23
42
66
92
121
152
184
216
246
275
300
321
338
349
355
356
352
344
331
316
298
278
259
239
221
204
190
178
168
162
157
154
154
154
154
155
155
155
153
151
147
142
136
129
121
114
107
101
95
91
87
85
85
85
86
88
91
94
96
99
100
101
101
101
99
97
94
90
87
83
80
77
74
73
72
71
71
72
73
75
76
77
79
79
80
79
79
78
76
74
72
70
67
66
64
63
63
63
64
65
67
70
72
76
79
82
85
88
91
93
95
96
98
98
99
99
99
99
99
98
98
98
98
97
97
97
97
97
97
97
97
97
98
98
98
98
98
98
98
98
98
98
98
97
97
97
96
95
95
94
94
93
93
92
92
92
92
92
93
94
95
96
98
99
101
102
103
105
106
107
108
108
109
109
108
108
108
107
106
106
105
105
104
104
104
105
105
106
106
107
108
109
110
112
113
114
115
116
117
118
119
120
121
121
122
122
123
123
124
125
125
126
127
129
130
132
134
136
138
140
142
144
146
149
151
153
154
156
158
159
160
161
162
164
165
166
167
168
170
172
173
175
178
180
182
184
187
189
191
194
196
198
200
201
202
204
205
205
206
206
207
207
207
206
206
206
205
205
204
204
203
203
203
202
202
202
201
201
201
201
201
201
201
200
200
199
199
198
197
197
196
195
195
194
193
193
193
193
193
193
193
194
195
195
196
196
197
197
197
197
197
196
196
194
193
191
189
187
185
183
181
178
176
173
170
168
165
163
160
158
155
153
151
148
146
144
142
140
138
136
134
133
132
130
129
128
126
125
124
123
122
121
120
118
117
116
115
113
112
111
110
109
108
108
107
107
107
107
107
107
107
107
108
108
108
108
109
109
109
109
109
109
109
108
108
108
108
107
107
107
107
107
107
106
106
106
106
105
105
105
104
104
104
103
103
103
103
103
103
104
105
106
107
109
111
114
116
119
122
124
127
129
131
133
135
136
137
137
137
137
137
136
136
135
134
133
132
132
131
131
131
131
131
130
130
130
130
130
130
130
129
129
129
128
128
128
127
128
128
128
129
130
130
132
133
134
135
136
137
138
139
139
139
140
140
139
139
138
138
137
136
135
135
134
133
132
131
130
130
129
129
129
128
129
129
129
130
130
131
132
133
134
134
135
136
137
137
138
138
138
138
137
136
136
135
134
133
132
131
130
129
128
128
127
126
126
125
125
124
123
123
122
121
121
120
119
118
117
116
115
114
113
112
112
111
110
110
109
108
108
107
107
107
106
106
105
105
104
104
103
103
102
102
101
100
100
99
99
98
98
97
97
96
96
96
95
95
95
95
94
94
94
93
93
93
93
92
92
91
91
90
90
90
89
89
88
88
88
87
87
87
87
87
86
86
86
85
85
84
84
83
82
81
81
80
79
79
78
78
77
77
77
77
76
76
76
76
76
76
76
76
76
77
77
77
77
77
77
77
77
77
77
77
76
76
75
75
74
73
72
71
70
70
69
68
68
67
67
67
67
68
69
69
71
72
73
74
75
76
77
78
79
80
80
80
80
80
79
79
78
78
77
77
76
75
75
75
75
75
75
75
76
77
77
78
80
81
82
83
85
86
87
89
90
90
91
92
92
92
92
92
92
92
91
90
89
89
88
87
86
85
84
84
83
82
81
81
81
80
80
80
80
81
81
81
82
83
84
84
85
86
87
88
88
88
88
88
88
88
87
86
85
85
84
83
82
81
80
80
79
79
79
79
78
78
78
78
78
78
78
77
77
77
76
75
75
74
74
73
73
73
73
72
73
73
73
74
74
75
75
76
77
77
78
79
80
81
82
82
83
84
85
86
86
87
87
88
88
88
89
89
89
88
88
88
88
87
87
87
86
86
86
86
85
85
86
86
86
87
88
89
90
92
93
95
98
100
103
106
110
113
117
121
124
128
132
135
139
142
146
149
152
155
157
160
162
165
167
170
172
175
177
180
182
184
186
188
190
192
194
195
196
197
197
197
197
196
196
195
193
192
190
189
187
184
182
180
178
175
173
171
168
165
163
160
158
155
152
150
147
144
142
140
137
135
134
132
131
131
130
130
130
131
131
132
132
133
133
134
134
134
133
133
132
131
130
128
127
126
126
125
125
124
125
125
125
126
126
127
127
127
126
126
124
123
121
119
117
115
113
111
110
110
109
110
110
111
113
114
116
117
118
119
118
118
116
114
112
109
106
103
101
100
99
99
100
102
105
110
114
120
125
131
135
139
142
144
144
143
140
137
133
129
124
120
117
116
116
118
122
127
135
144
153
164
174
184
192
199
204
207
207
205
200
192
183
173
162
151
140
130
121
113
108
104
102
102
103
104
106
108
110
110
110
109
107
104
100
97
95
94
95
99
106
116
131
150
173
199
229
260
293
327
359
389
417
440
459
472
480
482
478
470
456
439
419
397
375
353
331
312
295
282
271
263
259
257
257
259
262
265
268
271
271
271
268
265
259
252
245
237
228
221
213
207
203
200
198
198
199
202
205
209
212
216
218
221
222
222
221
219
217
213
210
206
203
200
198
196
195
195
195
197
198
200
202
204
206
208
209
210
210
209
209
208
206
205
204
202
201
201
200
201
201
201
202
203
204
204
205
205
206
206
205
205
204
203
202
201
200
199
198
198
197
196
196
195
195
194
193
193
192
192
191
190
190
190
190
190
191
192
193
194
196
199
201
203
205
208
210
212
213
214
215
216
216
216
216
215
215
214
213
213
212
211
211
210
210
210
209
209
209
210
210
210
210
210
210
210
210
210
210
210
209
209
209
208
208
208
207
207
207
206
206
206
206
206
206
207
207
207
208
209
209
210
211
212
213
214
215
216
218
220
221
223
225
227
230
232
234
237
239
242
244
246
248
249
251
252
253
253
254
255
255
255
256
256
257
258
259
260
261
263
264
266
268
269
271
273
274
276
277
278
280
280
281
282
283
283
284
284
285
286
286
287
288
289
290
291
292
293
294
295
295
296
297
297
297
297
297
297
297
297
296
295
295
294
294
294
294
294
295
295
297
298
300
301
303
305
307
309
310
312
312
313
313
313
313
312
311
310
309
308
306
305
304
302
301
300
299
298
296
295
292
290
287
284
280
276
272
268
263
258
254
250
246
242
239
236
234
232
231
230
229
228
227
226
225
224
223
221
219
217
215
213
211
209
208
206
204
203
202
202
201
200
200
200
199
199
198
198
197
197
196
195
194
193
193
192
191
191
191
190
190
190
190
190
190
190
190
190
190
190
189
189
189
190
190
191
192
193
194
196
197
199
201
203
204
206
207
209
210
211
211
211
211
211
211
211
211
210
210
210
209
209
209
209
209
210
210
210
211
212
212
213
214
214
215
216
217
218
219
220
220
221
222
224
225
226
228
230
232
235
237
240
243
246
249
252
255
257
259
261
261
262
261
260
259
256
254
251
248
244
241
238
236
233
232
230
229
229
228
229
229
229
229
229
229
229
228
228
227
226
224
223
222
221
220
219
218
218
218
218
218
218
218
218
218
217
217
216
215
214
214
213
212
211
210
209
208
208
208
208
207
207
207
207
207
206
206
205
204
204
203
202
201
200
200
200
199
199
199
200
200
200
200
200
200
200
200
200
199
199
198
197
197
196
196
195
195
195
195
196
196
196
197
197
197
197
197
197
197
197
196
195
194
194
193
192
191
191
190
190
189
189
189
189
189
190
191
192
193
195
196
198
200
203
205
207
209
210
211
212
211
211
209
207
205
202
198
195
192
189
186
184
182
181
182
182
184
186
189
192
196
199
202
205
207
208
209
209
208
207
205
202
199
197
194
191
189
186
184
183
181
180
179
178
177
176
176
175
174
173
173
172
171
171
171
170
170
170
170
171
171
171
171
170
170
169
168
168
167
166
165
164
163
162
162
162
162
163
163
164
164
164
165
165
164
164
163
162
161
160
158
157
156
156
155
155
156
156
157
157
158
159
159
159
159
158
157
156
154
153
151
149
148
147
146
146
146
147
148
149
149
150
151
151
151
151
150
149
147
145
144
142
141
140
139
139
139
140
140
142
143
144
145
145
145
145
144
143
141
140
138
136
134
132
131
130
130
130
131
132
132
133
134
135
135
135
135
135
134
134
133
133
133
133
134
136
138
141
143
146
149
152
154
156
157
157
156
155
153
150
148
146
144
142
141
141
141
142
144
146
147
149
151
151
151
151
149
147
144
141
139
136
135
135
135
138
141
146
152
159
165
172
179
184
188
191
192
191
190
188
185
182
181
181
182
187
193
202
213
226
239
252
265
275
282
285
284
276
263
244
219
189
156
119
81
43
6
-27
-57